Version 2
NClasses 12
Palette
000	255	255
000	227	255
000	198	255
000	170	255
000	142	255
000	113	255
000	085	255
000	057	255
000	028	255
000	000	255
000	000	000
000	000	000
StateOrderColor 0
LegendType 1
Decimals 2
DisplayMin 0
DisplayMax 1
StateLabel 3
0.0 ... 0.5
0.5 ... 1.0
1.0 ... 1.5
1.5 ... 2.0
2.0 ... 2.5
2.5 ... 3.0
3.0 ... 3.5
3.5 ... 4.0
4.0 ... 4.5
4.5 ... 5.0
5.0 ... 5.5
5.5 ... 6.0
StateOrder 0
StateScale 1
0	0.5
0.5	1
1	1.5
1.5	2
2	2.5
2.5	3
3	3.5
3.5	4
4	4.5
4.5	5
5	5.5
5.5	6
ShowUnit=1
