Version 2
NClasses 30
Palette
224	255	224
209	251	209
193	246	193
178	242	178
162	238	162
147	233	147
131	229	131
116	225	116
100	220	100
085	216	085
070	212	070
054	207	054
039	203	039
023	199	023
008	194	008
000	185	000
000	172	000
000	159	000
000	146	000
000	132	000
000	119	000
000	106	000
000	093	000
000	079	000
000	066	000
000	053	000
000	040	000
000	026	000
000	013	000
000	000	000
StateOrderColor 0
LegendType 1
Decimals 2
DisplayMin 0
DisplayMax 1
StateLabel 3






























StateOrder 0
StateScale 1
0	10
10	20
20	30
30	40
40	50
50	60
60	70
70	80
80	90
90	100
100	110
110	120
120	130
130	140
140	150
150	160
160	170
170	180
180	190
190	200
200	210
210	220
220	230
230	240
240	250
250	260
260	270
270	280
280	290
290	300
ShowUnit=1
